{
  "advancedEditorSelectedIdentifier" : "ProjectBrowser",
  "openSceneRelativePaths" : [
    "MovingItem.usda",
    "Telescope.usda",
    "StaticItem.usda",
    "Planet.usda"
  ],
  "recentIdentifiers" : {
    "6A9BEDC9-4B57-4111-A74B-6714E21FAC9A" : [

    ]
  },
  "sceneCameraHistory" : {
    "1F76E91A-E554-4EBD-BBAD-BD45BD6BCE50" : [
      {
        "date" : 713800819.26679003,
        "title" : "Untitled",
        "transform" : [
          0.99658948183059692,
          -2.4600282921838357e-10,
          0.082518301904201508,
          0,
          0.025428788736462593,
          0.95133471488952637,
          -0.30710846185684204,
          0,
          -0.078502543270587921,
          0.30815944075584412,
          0.94809025526046753,
          0,
          0.046200539916753769,
          0.16210077702999115,
          0.35257744789123535,
          1
        ]
      },
      {
        "date" : 713800782.664886,
        "title" : "Untitled",
        "transform" : [
          0.99737000465393066,
          -2.4600282921838357e-10,
          0.072477832436561584,
          0,
          0.022334722802042961,
          0.95133471488952637,
          -0.30734896659851074,
          0,
          -0.06895069032907486,
          0.30815944075584412,
          0.94883275032043457,
          0,
          0.038685254752635956,
          0.12605127692222595,
          0.27379226684570312,
          1
        ]
      },
      {
        "date" : 713710833.93431199,
        "title" : "Untitled",
        "transform" : [
          0.99737000465393066,
          -2.4600282921838357e-10,
          0.072477832436561584,
          0,
          0.022334722802042961,
          0.95133471488952637,
          -0.30734896659851074,
          0,
          -0.06895069032907486,
          0.30815944075584412,
          0.94883275032043457,
          0,
          0.064728632569313049,
          0.21091051399707794,
          0.45811250805854797,
          1
        ]
      },
      {
        "date" : 713710823.98720396,
        "title" : "Untitled",
        "transform" : [
          0.99737000465393066,
          -2.4600282921838357e-10,
          0.072477832436561584,
          0,
          0.022334722802042961,
          0.95133471488952637,
          -0.30734896659851074,
          0,
          -0.06895069032907486,
          0.30815944075584412,
          0.94883275032043457,
          0,
          0.10084964334964752,
          0.32860654592514038,
          0.71375656127929688,
          1
        ]
      },
      {
        "date" : 713710376.18210101,
        "title" : "Untitled",
        "transform" : [
          0.99992471933364868,
          -2.4600282921838357e-10,
          -0.012266599573194981,
          0,
          -0.0037800760474056005,
          0.95133471488952637,
          -0.30813625454902649,
          0,
          0.011669639497995377,
          0.30815944075584412,
          0.9512631893157959,
          0,
          0.09273054450750351,
          0.18932837247848511,
          0.40483468770980835,
          1
        ]
      },
      {
        "date" : 713710371.85588205,
        "title" : "Untitled",
        "transform" : [
          0.99992471933364868,
          -2.4600282921838357e-10,
          -0.012266599573194981,
          0,
          -0.0037800760474056005,
          0.95133471488952637,
          -0.30813625454902649,
          0,
          0.011669639497995377,
          0.30815944075584412,
          0.9512631893157959,
          0,
          0.093239076435565948,
          0.20275700092315674,
          0.44628778100013733,
          1
        ]
      },
      {
        "date" : 713710370.15551198,
        "title" : "Untitled",
        "transform" : [
          0.99071031808853149,
          -4.1024267316558394e-10,
          -0.13598887622356415,
          0,
          -0.058676857501268387,
          0.90212118625640869,
          -0.42747437953948975,
          0,
          0.12267845124006271,
          0.43148273229598999,
          0.89374083280563354,
          0,
          0.1435941606760025,
          0.26024419069290161,
          0.40078720450401306,
          1
        ]
      },
      {
        "date" : 713710336.47552502,
        "title" : "Untitled",
        "transform" : [
          0.99031722545623779,
          -5.0239867821488815e-10,
          0.13882291316986084,
          0,
          0.058703817427158356,
          0.90619111061096191,
          -0.41877380013465881,
          0,
          -0.12580010294914246,
          0.42286834120750427,
          0.89741665124893188,
          0,
          0.072384156286716461,
          0.33734607696533203,
          0.39508920907974243,
          1
        ]
      },
      {
        "date" : 713710329.68943596,
        "title" : "Untitled",
        "transform" : [
          0.99031722545623779,
          -5.0239867821488815e-10,
          0.13882291316986084,
          0,
          0.058703817427158356,
          0.90619111061096191,
          -0.41877380013465881,
          0,
          -0.12580010294914246,
          0.42286834120750427,
          0.89741665124893188,
          0,
          0.1372234970331192,
          0.63952958583831787,
          0.74899709224700928,
          1
        ]
      },
      {
        "date" : 713709849.89560604,
        "title" : "Untitled",
        "transform" : [
          0.99863755702972412,
          -5.0239867821488815e-10,
          0.052182361483573914,
          0,
          0.022066269069910049,
          0.90619111061096191,
          -0.42229223251342773,
          0,
          -0.047287195920944214,
          0.42286834120750427,
          0.90495651960372925,
          0,
          0.050715029239654541,
          0.16069522500038147,
          0.18449005484580994,
          1
        ]
      }
    ],
    "2AEE0EE7-1CA2-4C5A-8432-46840F36B2D6" : [
      {
        "date" : 713676098.67419505,
        "title" : "Untitled",
        "transform" : [
          1,
          0,
          0,
          0,
          0,
          0.86602544784545898,
          -0.49999988079071045,
          0,
          0,
          0.49999988079071045,
          0.86602544784545898,
          0,
          0.0093964971601963043,
          0.38969683647155762,
          0.58996373414993286,
          1
        ]
      },
      {
        "date" : 713675902.03588605,
        "title" : "Untitled",
        "transform" : [
          1,
          0,
          0,
          0,
          0,
          0.86602544784545898,
          -0.49999988079071045,
          0,
          0,
          0.49999988079071045,
          0.86602544784545898,
          0,
          0,
          0.20934373140335083,
          0.36259400844573975,
          1
        ]
      }
    ],
    "6A9BEDC9-4B57-4111-A74B-6714E21FAC9A" : [
      {
        "date" : 713801276.50202203,
        "title" : "Untitled",
        "transform" : [
          0.97239583730697632,
          -1.2899577406244589e-08,
          -0.23333734273910522,
          0,
          -0.16817550361156464,
          0.69320565462112427,
          -0.700844407081604,
          0,
          0.16175070405006409,
          0.72073984146118164,
          0.67407035827636719,
          0,
          0.083433397114276886,
          0.2072007805109024,
          0.33226001262664795,
          1
        ]
      },
      {
        "date" : 713800756.74946797,
        "title" : "Untitled",
        "transform" : [
          0.93172359466552734,
          -1.5850751822199527e-08,
          -0.36316806077957153,
          0,
          -0.30408695340156555,
          0.54671680927276611,
          -0.78014856576919556,
          0,
          0.1985500305891037,
          0.83731758594512939,
          0.50938904285430908,
          0,
          0.13838419318199158,
          0.27896726131439209,
          0.24684369564056396,
          1
        ]
      },
      {
        "date" : 713800735.049793,
        "title" : "Untitled",
        "transform" : [
          0.93172359466552734,
          -1.5850751822199527e-08,
          -0.36316806077957153,
          0,
          -0.30408695340156555,
          0.54671680927276611,
          -0.78014856576919556,
          0,
          0.1985500305891037,
          0.83731758594512939,
          0.50938904285430908,
          0,
          0.18318289518356323,
          0.28258132934570312,
          0.22344136238098145,
          1
        ]
      },
      {
        "date" : 713800729.834059,
        "title" : "Untitled",
        "transform" : [
          0.93172359466552734,
          -1.5850751822199527e-08,
          -0.36316806077957153,
          0,
          -0.30408695340156555,
          0.54671680927276611,
          -0.78014856576919556,
          0,
          0.1985500305891037,
          0.83731758594512939,
          0.50938904285430908,
          0,
          0.19444787502288818,
          0.43170589208602905,
          0.33761987090110779,
          1
        ]
      },
      {
        "date" : 713800728.33535695,
        "title" : "Untitled",
        "transform" : [
          0.93172359466552734,
          -1.5850751822199527e-08,
          -0.36316806077957153,
          0,
          -0.30408695340156555,
          0.54671680927276611,
          -0.78014856576919556,
          0,
          0.1985500305891037,
          0.83731758594512939,
          0.50938904285430908,
          0,
          0.29289302229881287,
          0.65027010440826416,
          0.50855016708374023,
          1
        ]
      },
      {
        "date" : 713779725.29623401,
        "title" : "Untitled",
        "transform" : [
          0.93172359466552734,
          -1.5850751822199527e-08,
          -0.36316806077957153,
          0,
          -0.30408695340156555,
          0.54671680927276611,
          -0.78014856576919556,
          0,
          0.1985500305891037,
          0.83731758594512939,
          0.50938904285430908,
          0,
          0.15442001819610596,
          0.34283754229545593,
          0.26811948418617249,
          1
        ]
      },
      {
        "date" : 713773741.50435901,
        "title" : "Untitled",
        "transform" : [
          0.93172359466552734,
          -1.5850751822199527e-08,
          -0.36316806077957153,
          0,
          -0.30408695340156555,
          0.54671680927276611,
          -0.78014856576919556,
          0,
          0.19855000078678131,
          0.83731746673583984,
          0.50938898324966431,
          0,
          0.17080481350421906,
          0.39667874574661255,
          0.34033763408660889,
          1
        ]
      },
      {
        "date" : 713770374.51725399,
        "title" : "Untitled",
        "transform" : [
          0.4869767427444458,
          -4.2882390971499262e-09,
          -0.87341487407684326,
          0,
          -0.18091239035129547,
          0.97831296920776367,
          -0.10086862742900848,
          0,
          0.8544730544090271,
          0.20713223516941071,
          0.47641575336456299,
          0,
          0.58308804035186768,
          -0.032914217561483383,
          0.32309398055076599,
          1
        ]
      },
      {
        "date" : 713770311.33006406,
        "title" : "Untitled",
        "transform" : [
          0.63712048530578613,
          1.5070500403169262e-09,
          -0.77076417207717896,
          0,
          -0.36264970898628235,
          0.88239645957946777,
          -0.29976949095726013,
          0,
          0.68011951446533203,
          0.47050666809082031,
          0.56219291687011719,
          0,
          0.4476226270198822,
          0.19352714717388153,
          0.40671396255493164,
          1
        ]
      },
      {
        "date" : 713770306.79422104,
        "title" : "Untitled",
        "transform" : [
          0.9821050763130188,
          -1.3716516811257407e-10,
          0.18833373486995697,
          0,
          0.10691095143556595,
          0.8232579231262207,
          -0.55750912427902222,
          0,
          -0.15504728257656097,
          0.56766742467880249,
          0.80852580070495605,
          0,
          -0.053507342934608459,
          0.24628132581710815,
          0.40793493390083313,
          1
        ]
      }
    ],
    "58FAF56F-B2F6-4DD9-837B-A5FE782B1AE8" : [
      {
        "date" : 713712380.36077702,
        "title" : "Untitled",
        "transform" : [
          0.61736434698104858,
          -2.9986182426000596e-09,
          -0.78667736053466797,
          0,
          -0.30918809771537781,
          0.91952550411224365,
          -0.24264296889305115,
          0,
          0.72336983680725098,
          0.39303040504455566,
          0.56768220663070679,
          0,
          0.5138515830039978,
          0.32580122351646423,
          0.40367427468299866,
          1
        ]
      },
      {
        "date" : 713711313.18630302,
        "title" : "Untitled",
        "transform" : [
          1,
          0,
          0,
          0,
          0,
          0.87709528207778931,
          -0.48031643033027649,
          0,
          0,
          0.48031643033027649,
          0.87709528207778931,
          0,
          -0.00032776594161987305,
          0.38761097192764282,
          0.61878949403762817,
          1
        ]
      }
    ],
    "440CDE6A-A16F-4144-8BC0-6BCC7D086A2F" : [
      {
        "date" : 713795695.90445697,
        "title" : "Untitled",
        "transform" : [
          1,
          0,
          0,
          0,
          0,
          0.86602544784545898,
          -0.49999988079071045,
          0,
          0,
          0.49999988079071045,
          0.86602544784545898,
          0,
          0,
          0.19972819089889526,
          0.34593945741653442,
          1
        ]
      }
    ],
    "A7F33B2F-F1F4-4DAC-85C5-07E632C2BBFF" : [
      {
        "date" : 713676365.41504896,
        "title" : "Untitled",
        "transform" : [
          0.99574005603790283,
          -3.6532521452414812e-10,
          0.09220491349697113,
          0,
          0.02178570069372654,
          0.97168618440628052,
          -0.23526842892169952,
          0,
          -0.089594222605228424,
          0.23627494275569916,
          0.96754688024520874,
          0,
          -0.037511974573135376,
          0.098925404250621796,
          0.40509980916976929,
          1
        ]
      },
      {
        "date" : 713676301.09521103,
        "title" : "Untitled",
        "transform" : [
          0.9998403787612915,
          2.2424645473861915e-10,
          0.017866848036646843,
          0,
          0.002084183506667614,
          0.99317294359207153,
          -0.11663290858268738,
          0,
          -0.017744839191436768,
          0.11665154993534088,
          0.99301439523696899,
          0,
          -0.0074295429512858391,
          0.048840582370758057,
          0.41576272249221802,
          1
        ]
      },
      {
        "date" : 713676286.51338506,
        "title" : "Untitled",
        "transform" : [
          0.97344005107879639,
          -1.0904960268121044e-10,
          0.22894205152988434,
          0,
          0.10427732020616531,
          0.89024871587753296,
          -0.44337740540504456,
          0,
          -0.20381534099578857,
          0.45547479391098022,
          0.86660373210906982,
          0,
          -0.085334934294223785,
          0.19070163369178772,
          0.36283615231513977,
          1
        ]
      },
      {
        "date" : 713676194.12691903,
        "title" : "Untitled",
        "transform" : [
          1,
          0,
          0,
          0,
          0,
          0.86602544784545898,
          -0.49999988079071045,
          0,
          0,
          0.49999988079071045,
          0.86602544784545898,
          0,
          0,
          0.20934373140335083,
          0.36259400844573975,
          1
        ]
      }
    ],
    "A14A8CD2-6070-46D8-BC66-990BF7D1B088" : [
      {
        "date" : 713712898.74200797,
        "title" : "Untitled",
        "transform" : [
          1,
          0,
          0,
          0,
          0,
          0.86602544784545898,
          -0.49999988079071045,
          0,
          0,
          0.49999988079071045,
          0.86602544784545898,
          0,
          0,
          0.19972819089889526,
          0.34593945741653442,
          1
        ]
      }
    ],
    "A82673D4-E5B5-4321-841E-AFCECCCC8A05" : [
      {
        "date" : 713803818.40684497,
        "title" : "Untitled",
        "transform" : [
          0.90972626209259033,
          2.3518867409144661e-10,
          -0.41520851850509644,
          0,
          -0.18761131167411804,
          0.89209467172622681,
          -0.41105836629867554,
          0,
          0.37040534615516663,
          0.45184847712516785,
          0.81156200170516968,
          0,
          0.67232567071914673,
          0.81397336721420288,
          1.0806993246078491,
          1
        ]
      },
      {
        "date" : 713803814.71538198,
        "title" : "Untitled",
        "transform" : [
          0.89273262023925781,
          0,
          0.45058676600456238,
          0,
          0.22529333829879761,
          0.86602544784545898,
          -0.44636619091033936,
          0,
          -0.39021959900856018,
          0.49999988079071045,
          0.7731291651725769,
          0,
          -0.40279725193977356,
          0.88186806440353394,
          1.1601760387420654,
          1
        ]
      },
      {
        "date" : 713803812.521384,
        "title" : "Untitled",
        "transform" : [
          0.89273262023925781,
          0,
          0.45058676600456238,
          0,
          0.22529333829879761,
          0.86602544784545898,
          -0.44636619091033936,
          0,
          -0.39021959900856018,
          0.49999988079071045,
          0.7731291651725769,
          0,
          -0.59405839443206787,
          1.3025420904159546,
          1.7131680250167847,
          1
        ]
      },
      {
        "date" : 713803718.22211397,
        "title" : "Untitled",
        "transform" : [
          0.89273262023925781,
          0,
          0.45058676600456238,
          0,
          0.22529333829879761,
          0.86602544784545898,
          -0.44636619091033936,
          0,
          -0.39021959900856018,
          0.49999988079071045,
          0.7731291651725769,
          0,
          -0.30186834931373596,
          0.65987753868103027,
          0.86836099624633789,
          1
        ]
      },
      {
        "date" : 713803656.79976702,
        "title" : "Untitled",
        "transform" : [
          0.90877151489257812,
          0,
          0.41729408502578735,
          0,
          0.2086469978094101,
          0.86602544784545898,
          -0.45438563823699951,
          0,
          -0.36138728260993958,
          0.49999988079071045,
          0.78701925277709961,
          0,
          -0.20460405945777893,
          0.49972811341285706,
          0.66579294204711914,
          1
        ]
      },
      {
        "date" : 713803588.13985801,
        "title" : "Untitled",
        "transform" : [
          0.90877151489257812,
          0,
          0.41729408502578735,
          0,
          0.2086469978094101,
          0.86602544784545898,
          -0.45438563823699951,
          0,
          -0.36138728260993958,
          0.49999988079071045,
          0.78701925277709961,
          0,
          -0.26024129986763,
          0.4480033814907074,
          0.67310649156570435,
          1
        ]
      },
      {
        "date" : 713803484.058882,
        "title" : "Untitled",
        "transform" : [
          1,
          0,
          0,
          0,
          0,
          0.86602544784545898,
          -0.49999988079071045,
          0,
          0,
          0.49999988079071045,
          0.86602544784545898,
          0,
          0.020333211869001389,
          0.21473580598831177,
          0.34549698233604431,
          1
        ]
      },
      {
        "date" : 713803466.10303903,
        "title" : "Untitled",
        "transform" : [
          1,
          0,
          0,
          0,
          0,
          0.86602544784545898,
          -0.49999988079071045,
          0,
          0,
          0.49999988079071045,
          0.86602544784545898,
          0,
          0.015264866873621941,
          0.16504684090614319,
          0.26579886674880981,
          1
        ]
      },
      {
        "date" : 713803446.94009495,
        "title" : "Untitled",
        "transform" : [
          1,
          0,
          0,
          0,
          0,
          0.86602544784545898,
          -0.49999988079071045,
          0,
          0,
          0.49999988079071045,
          0.86602544784545898,
          0,
          0.019953874871134758,
          0.21852073073387146,
          0.35321369767189026,
          1
        ]
      },
      {
        "date" : 713803324.29480004,
        "title" : "Untitled",
        "transform" : [
          1,
          0,
          -0,
          0,
          -0,
          0.86602544784545898,
          -0.49999988079071045,
          0,
          0,
          0.49999988079071045,
          0.86602544784545898,
          0,
          0,
          0.20757618546485901,
          0.35953250527381897,
          1
        ]
      }
    ],
    "BE881291-FAEA-4E37-8670-DBA2795AB460" : [
      {
        "date" : 713795684.38188303,
        "title" : "Untitled",
        "transform" : [
          -0.011019092053174973,
          2.4301258227943379e-10,
          -0.99993932247161865,
          0,
          -0.95384722948074341,
          0.30010822415351868,
          0.010511172004044056,
          0,
          0.30009004473686218,
          0.95390510559082031,
          -0.0033069213386625051,
          0,
          0.010264767333865166,
          0.03573569655418396,
          0.00043415313120931387,
          1
        ]
      },
      {
        "date" : 713795678.71384895,
        "title" : "Untitled",
        "transform" : [
          0.98749035596847534,
          0,
          0.15767964720726013,
          0,
          0.078839801251888275,
          0.86602544784545898,
          -0.49374505877494812,
          0,
          -0.13655458390712738,
          0.49999988079071045,
          0.85519176721572876,
          0,
          -0.0055418047122657299,
          0.019396122545003891,
          0.031235760077834129,
          1
        ]
      },
      {
        "date" : 713795650.50133002,
        "title" : "Untitled",
        "transform" : [
          0.98749035596847534,
          0,
          0.15767964720726013,
          0,
          0.078839801251888275,
          0.86602544784545898,
          -0.49374505877494812,
          0,
          -0.13655458390712738,
          0.49999988079071045,
          0.85519176721572876,
          0,
          -0.022330062463879585,
          0.078154429793357849,
          0.12586088478565216,
          1
        ]
      },
      {
        "date" : 713715864.42902696,
        "title" : "Untitled",
        "transform" : [
          0.98749035596847534,
          0,
          0.15767964720726013,
          0,
          0.078839801251888275,
          0.86602544784545898,
          -0.49374505877494812,
          0,
          -0.13655458390712738,
          0.49999988079071045,
          0.85519176721572876,
          0,
          -0.085235953330993652,
          0.29832285642623901,
          0.48042285442352295,
          1
        ]
      },
      {
        "date" : 713715863.10356998,
        "title" : "Untitled",
        "transform" : [
          0.98749035596847534,
          0,
          0.15767964720726013,
          0,
          0.078839801251888275,
          0.86602544784545898,
          -0.49374505877494812,
          0,
          -0.13655458390712738,
          0.49999988079071045,
          0.85519176721572876,
          0,
          -0.12349227070808411,
          0.43221864104270935,
          0.69605028629302979,
          1
        ]
      },
      {
        "date" : 713715859.26294601,
        "title" : "Untitled",
        "transform" : [
          0.99727416038513184,
          0,
          0.07378542423248291,
          0,
          0.036892704665660858,
          0.86602544784545898,
          -0.49863696098327637,
          0,
          -0.06390005350112915,
          0.49999988079071045,
          0.86366480588912964,
          0,
          -0.01532791368663311,
          0.10301057994365692,
          0.16778147220611572,
          1
        ]
      },
      {
        "date" : 713715844.84308004,
        "title" : "Untitled",
        "transform" : [
          0.99727416038513184,
          0,
          0.07378542423248291,
          0,
          0.036892704665660858,
          0.86602544784545898,
          -0.49863696098327637,
          0,
          -0.06390005350112915,
          0.49999988079071045,
          0.86366480588912964,
          0,
          -0.057252146303653717,
          0.38476058840751648,
          0.62668991088867188,
          1
        ]
      },
      {
        "date" : 713715798.47486806,
        "title" : "Untitled",
        "transform" : [
          0.99727416038513184,
          0,
          0.07378542423248291,
          0,
          0.036892704665660858,
          0.86602544784545898,
          -0.49863696098327637,
          0,
          -0.06390005350112915,
          0.49999988079071045,
          0.86366480588912964,
          0,
          -0.039803348481655121,
          0.31144997477531433,
          0.53797686100006104,
          1
        ]
      },
      {
        "date" : 713715796.47809505,
        "title" : "Untitled",
        "transform" : [
          1,
          0,
          0,
          0,
          0,
          0.86602544784545898,
          -0.49999988079071045,
          0,
          0,
          0.49999988079071045,
          0.86602544784545898,
          0,
          0,
          0.19972819089889526,
          0.34593945741653442,
          1
        ]
      }
    ],
    "E9269BCD-FDDF-4504-863C-FE31C5B9DE9B" : [
      {
        "date" : 713675597.42623997,
        "title" : "Untitled",
        "transform" : [
          1,
          0,
          0,
          0,
          0,
          0.86602550745010376,
          -0.49999982118606567,
          0,
          0,
          0.49999982118606567,
          0.86602550745010376,
          0,
          0,
          0.20595118403434753,
          0.35671794414520264,
          1
        ]
      }
    ]
  },
  "selectedSceneRelativePath" : "Planet.usda"
}