{
  "advancedEditorSelectedIdentifier" : "StatisticsPluginID",
  "openSceneRelativePaths" : [
    "Scene.usda",
    "Untitled Scene.usda"
  ],
  "recentIdentifiers" : {

  },
  "sceneCameraHistory" : {
    "0A37FBF0-3940-49CD-968F-9BA27972B75A" : [
      {
        "date" : 713713351.85631299,
        "title" : "Untitled",
        "transform" : [
          0.96784782409667969,
          2.7297930582648178e-10,
          0.25153657793998718,
          0,
          0.18471235036849976,
          0.67878609895706177,
          -0.71072542667388916,
          0,
          -0.1707395613193512,
          0.73433595895767212,
          0.65696167945861816,
          0,
          -0.067431308329105377,
          0.29460081458091736,
          0.26223576068878174,
          1
        ]
      },
      {
        "date" : 713713277.01838696,
        "title" : "Untitled",
        "transform" : [
          0.99705177545547485,
          3.729564435062116e-10,
          -0.076731838285923004,
          0,
          -0.053494513034820557,
          0.71691358089447021,
          -0.69510656595230103,
          0,
          0.055010102689266205,
          0.6971619725227356,
          0.71480000019073486,
          0,
          0.022646795958280563,
          0.27976983785629272,
          0.28516691923141479,
          1
        ]
      },
      {
        "date" : 713713133.11076701,
        "title" : "Untitled",
        "transform" : [
          0.99996131658554077,
          -1.500848056945614e-12,
          0.0087985126301646233,
          0,
          0.0050496147014200687,
          0.81891351938247681,
          -0.57389461994171143,
          0,
          -0.0072052208706736565,
          0.57391685247421265,
          0.81888186931610107,
          0,
          -0.0028781720902770758,
          0.22925479710102081,
          0.32710763812065125,
          1
        ]
      },
      {
        "date" : 713713036.89519799,
        "title" : "Untitled",
        "transform" : [
          1,
          0,
          -0,
          0,
          -0,
          0.86602544784545898,
          -0.49999988079071045,
          0,
          0,
          0.49999988079071045,
          0.86602544784545898,
          0,
          0,
          0.19972819089889526,
          0.34593945741653442,
          1
        ]
      }
    ],
    "268E2A78-7D57-4084-BB56-D1EF75078C80" : [
      {
        "date" : 713712943.46148503,
        "title" : "Untitled",
        "transform" : [
          1,
          0,
          -0,
          0,
          -0,
          0.86602544784545898,
          -0.49999988079071045,
          0,
          0,
          0.49999988079071045,
          0.86602544784545898,
          0,
          0,
          0.19972819089889526,
          0.34593945741653442,
          1
        ]
      }
    ]
  },
  "selectedSceneRelativePath" : "Untitled Scene.usda"
}